20
4 1
5 1
6 1
7 1
8 1
9 1
7 3
8 3
9 3
10 4
10 5
7 6
8 6
9 6
10 6
7 8
8 8
9 8
10 8
7 10
7 11
7 12
8 10
9 10
9 11
8 12
9 12
10 12
11 12
11 11
11 10
10 1
7 14
8 14
9 14
10 14
11 14
13 3
13 2
14 1
15 1
16 2
16 3
17 4
18 4
18 3
19 3
19 2
19 1
17 6
17 7
17 8
16 7
17 5
18 5
19 5
19 6
19 7
19 8
16 6
12 10
13 10
14 10
15 10
16 10
17 10
18 10
19 10
16 12
17 12
18 12
19 12
17 14
18 14
19 14
17 16
18 16
19 16
16 13
16 14
16 15
16 16
16 18
17 18
18 18
19 18
14 18
5 14
1 20
2 20
3 20
4 20
4 19
5 19
6 19
7 19
5 18
8 19
9 19
9 15
9 16
9 17
9 18
11 13
20 10
11 1
11 2
12 2
1 1
1 2
2 2
3 2
4 2
16 1
17 3
20 1
